[ 0 , 0 , (0, 255, 0) , 0 , 0 , ],
[ 0 , (0, 238, 0) , (118, 238, 0) , (0, 255, 0) , 0 , ],
[ (69, 139, 0) , (102, 205, 0) , (124, 252, 0) , (118, 238, 0) , (0, 255, 0) , ],
[ 0 , (69, 139, 0) , (102, 205, 0) , (0, 238, 0) , 0 , ],
[ 0 , 0 , (69, 139, 0) , 0 , 0 , ],


[ 0 , 0 , (238, 44, 44) , 0 , 0 , ],
[ 0 , (205, 0, 0) , (192, 0, 0) , (238, 44, 44) , 0 , ],
[ (139, 0, 0) , (192, 0, 0) , (255, 36, 0) , (192, 0, 0) , (238, 44, 44) , ],
[ 0 , (139, 0, 0) , (192, 0, 0) , (205, 0, 0) , 0 , ],
[ 0 , 0 , (139, 0, 0) , 0 , 0 , ],


[ 0 , 0 , (72, 118, 255) , 0 , 0 , ],
[ 0 , (0, 0, 238) , (58, 95, 205) , (72, 118, 255) , 0 , ],
[ (0, 0, 139) , (0, 0, 205) , (99, 184, 255) , (58, 95, 205) , (72, 118, 255) , ],
[ 0 , (0, 0, 139) , (0, 0, 205) , (0, 0, 238) , 0 , ],
[ 0 , 0 , (0, 0, 139) , 0 , 0 , ],
]

